PROCRUSTES
episode        sum|w|         eps            gammma         last_action    last_reward    total_reward   avg_reward     num_steps      flag           iter           alpha          |w - w_old|    |w^T w - I|    
0              1.60e+01       1.00e+00       0.90           0              -1.00          -9001.00       -1.00          9001           -1             9000           1.04e-04       1.04e+00       2.61e-07       
1              1.57e+01       9.89e-01       0.90           2              -1.00          -9001.00       -1.00          9001           -1             18000          7.40e-05       2.43e-01       5.50e-07       
2              1.57e+01       9.77e-01       0.90           0              -1.00          -9001.00       -1.00          9001           -1             27000          6.05e-05       1.46e-01       4.55e-07       
3              1.56e+01       9.66e-01       0.90           1              -1.00          -9001.00       -1.00          9001           -1             36000          5.24e-05       7.51e-02       3.37e-07       
4              1.56e+01       9.55e-01       0.90           1              -1.00          -9001.00       -1.00          9001           -1             45000          4.69e-05       6.91e-02       7.08e-07       
5              1.57e+01       9.44e-01       0.90           1              -1.00          -9001.00       -1.00          9001           -1             54000          4.28e-05       4.30e-02       4.50e-07       
6              1.57e+01       9.33e-01       0.90           0              -1.00          -9001.00       -1.00          9001           -1             63000          3.97e-05       3.13e-02       4.31e-07       
7              1.57e+01       9.22e-01       0.90           2              -1.00          -9001.00       -1.00          9001           -1             72000          3.71e-05       2.44e-02       7.98e-07       
8              1.56e+01       9.12e-01       0.90           1              -1.00          -9001.00       -1.00          9001           -1             81000          3.50e-05       2.03e-02       2.96e-07       
9              1.56e+01       9.01e-01       0.90           0              -1.00          -9001.00       -1.00          9001           -1             90000          3.32e-05       1.71e-02       4.93e-07       
10             1.56e+01       8.91e-01       0.90           1              -1.00          -9001.00       -1.00          9001           -1             99000          3.17e-05       2.81e-02       3.99e-07       
11             1.56e+01       8.81e-01       0.90           0              -1.00          -9001.00       -1.00          9001           -1             108000         3.03e-05       1.72e-02       5.02e-07       
12             1.57e+01       8.71e-01       0.90           0              -1.00          -9001.00       -1.00          9001           -1             117000         2.91e-05       1.47e-02       7.68e-07       
13             1.57e+01       8.61e-01       0.90           0              -1.00          -7585.00       -1.00          7585           1              124584         2.83e-05       4.02e-02       5.57e-07       
14             1.57e+01       8.51e-01       0.90           2              -1.00          -9001.00       -1.00          9001           -1             133584         2.73e-05       4.14e-02       3.32e-07       
15             1.57e+01       8.41e-01       0.90           0              -1.00          -9001.00       -1.00          9001           -1             142584         2.64e-05       7.71e-03       5.68e-07       
16             1.57e+01       8.31e-01       0.90           0              -1.00          -9001.00       -1.00          9001           -1             151584         2.56e-05       5.21e-02       3.52e-07       
17             1.57e+01       8.22e-01       0.90           1              -1.00          -9001.00       -1.00          9001           -1             160584         2.49e-05       1.86e-02       3.90e-07       
18             1.57e+01       8.12e-01       0.90           2              -1.00          -9001.00       -1.00          9001           -1             169584         2.42e-05       3.57e-02       2.76e-07       
19             1.58e+01       8.03e-01       0.90           1              -1.00          -9001.00       -1.00          9001           -1             178584         2.36e-05       2.28e-02       9.16e-07       
20             1.58e+01       7.94e-01       0.90           0              -1.00          -9001.00       -1.00          9001           -1             187584         2.30e-05       6.35e-03       3.85e-07       
21             1.58e+01       7.85e-01       0.90           1              -1.00          -6800.00       -1.00          6800           1              194383         2.26e-05       1.46e-02       2.95e-07       
22             1.58e+01       7.76e-01       0.90           0              -1.00          -9001.00       -1.00          9001           -1             203383         2.21e-05       2.30e-02       1.85e-07       
23             1.58e+01       7.67e-01       0.90           1              -1.00          -9001.00       -1.00          9001           -1             212383         2.17e-05       4.46e-02       1.68e-07       
24             1.58e+01       7.58e-01       0.90           2              -1.00          -9001.00       -1.00          9001           -1             221383         2.12e-05       6.47e-03       4.74e-07       
25             1.58e+01       7.49e-01       0.90           2              -1.00          -9001.00       -1.00          9001           -1             230383         2.08e-05       2.53e-02       5.32e-07       
26             1.58e+01       7.41e-01       0.90           2              -1.00          -8984.00       -1.00          8984           1              239366         2.04e-05       5.87e-03       7.33e-07       
27             1.59e+01       7.32e-01       0.90           2              -1.00          -9001.00       -1.00          9001           -1             248366         2.00e-05       2.18e-02       7.54e-07       
28             1.59e+01       7.24e-01       0.90           0              -1.00          -9001.00       -1.00          9001           -1             257366         1.97e-05       2.20e-02       4.64e-07       
29             1.59e+01       7.16e-01       0.90           0              -1.00          -9001.00       -1.00          9001           -1             266366         1.93e-05       3.67e-02       4.79e-07       
30             1.59e+01       7.07e-01       0.90           1              -1.00          -3271.00       -1.00          3271           1              269636         1.92e-05       8.46e-03       2.41e-07       
31             1.59e+01       6.99e-01       0.90           2              -1.00          -9001.00       -1.00          9001           -1             278636         1.89e-05       4.93e-03       3.72e-07       
32             1.59e+01       6.91e-01       0.90           1              -1.00          -9001.00       -1.00          9001           -1             287636         1.86e-05       1.91e-02       2.07e-07       
33             1.59e+01       6.83e-01       0.90           0              -1.00          -9001.00       -1.00          9001           -1             296636         1.83e-05       2.12e-02       4.34e-07       
34             1.59e+01       6.75e-01       0.90           0              -1.00          -9001.00       -1.00          9001           -1             305636         1.81e-05       8.45e-03       1.51e-07       
35             1.59e+01       6.68e-01       0.90           2              -1.00          -9001.00       -1.00          9001           -1             314636         1.78e-05       4.43e-03       1.56e-06       
36             1.59e+01       6.60e-01       0.90           2              -1.00          -9001.00       -1.00          9001           -1             323636         1.75e-05       2.11e-02       4.06e-07       
37             1.59e+01       6.52e-01       0.90           1              -1.00          -8753.00       -1.00          8753           1              332388         1.73e-05       2.00e-02       5.42e-07       
38             1.59e+01       6.45e-01       0.90           0              -1.00          -9001.00       -1.00          9001           -1             341388         1.71e-05       6.04e-03       3.96e-07       
39             1.59e+01       6.38e-01       0.90           0              -1.00          -9001.00       -1.00          9001           -1             350388         1.69e-05       5.07e-03       5.86e-07       
40             1.59e+01       6.30e-01       0.90           2              -1.00          -9001.00       -1.00          9001           -1             359388         1.67e-05       5.64e-03       7.44e-07       
